Results: 	[0.8979]	
Results: 	[0.8979, 0.9142]	
Results: 	[0.8979, 0.9142, 0.9127]	
Results: 	[0.8979, 0.9142, 0.9127, 0.9021]	
Results: 	[0.8979, 0.9142, 0.9127, 0.9021, 0.936]	
Results: 	[0.8979, 0.9142, 0.9127, 0.9021, 0.936, 0.9094]	
Results: 	[0.8979, 0.9142, 0.9127, 0.9021, 0.936, 0.9094, 0.9127]	
Results: 	[0.8979, 0.9142, 0.9127, 0.9021, 0.936, 0.9094, 0.9127, 0.9042]	
Results: 	[0.8979, 0.9142, 0.9127, 0.9021, 0.936, 0.9094, 0.9127, 0.9042, 0.9109]	
Results: 	[0.8979, 0.9142, 0.9127, 0.9021, 0.936, 0.9094, 0.9127, 0.9042, 0.9109, 0.9076]	
Results: 	[0.8979, 0.9142, 0.9127, 0.9021, 0.936, 0.9094, 0.9127, 0.9042, 0.9109, 0.9076, 0.9103]	
Results: 	[0.8979, 0.9142, 0.9127, 0.9021, 0.936, 0.9094, 0.9127, 0.9042, 0.9109, 0.9076, 0.9103, 0.8967]	
Results: 	[0.8979, 0.9142, 0.9127, 0.9021, 0.936, 0.9094, 0.9127, 0.9042, 0.9109, 0.9076, 0.9103, 0.8967, 0.897]	
Results: 	[0.8979, 0.9142, 0.9127, 0.9021, 0.936, 0.9094, 0.9127, 0.9042, 0.9109, 0.9076, 0.9103, 0.8967, 0.897, 0.9088]	
Results: 	[0.8979, 0.9142, 0.9127, 0.9021, 0.936, 0.9094, 0.9127, 0.9042, 0.9109, 0.9076, 0.9103, 0.8967, 0.897, 0.9088, 0.8991]	
Results: 	[0.8979, 0.9142, 0.9127, 0.9021, 0.936, 0.9094, 0.9127, 0.9042, 0.9109, 0.9076, 0.9103, 0.8967, 0.897, 0.9088, 0.8991, 0.9236]	
Results: 	[0.8979, 0.9142, 0.9127, 0.9021, 0.936, 0.9094, 0.9127, 0.9042, 0.9109, 0.9076, 0.9103, 0.8967, 0.897, 0.9088, 0.8991, 0.9236, 0.9027]	
Results: 	[0.8979, 0.9142, 0.9127, 0.9021, 0.936, 0.9094, 0.9127, 0.9042, 0.9109, 0.9076, 0.9103, 0.8967, 0.897, 0.9088, 0.8991, 0.9236, 0.9027, 0.8967]	
Results: 	[0.8979, 0.9142, 0.9127, 0.9021, 0.936, 0.9094, 0.9127, 0.9042, 0.9109, 0.9076, 0.9103, 0.8967, 0.897, 0.9088, 0.8991, 0.9236, 0.9027, 0.8967, 0.9112]	
Results: 	[0.8979, 0.9142, 0.9127, 0.9021, 0.936, 0.9094, 0.9127, 0.9042, 0.9109, 0.9076, 0.9103, 0.8967, 0.897, 0.9088, 0.8991, 0.9236, 0.9027, 0.8967, 0.9112, 0.9091]	
Results: 	[0.8979, 0.9142, 0.9127, 0.9021, 0.936, 0.9094, 0.9127, 0.9042, 0.9109, 0.9076, 0.9103, 0.8967, 0.897, 0.9088, 0.8991, 0.9236, 0.9027, 0.8967, 0.9112, 0.9091, 0.9027]	
Results: 	[0.8979, 0.9142, 0.9127, 0.9021, 0.936, 0.9094, 0.9127, 0.9042, 0.9109, 0.9076, 0.9103, 0.8967, 0.897, 0.9088, 0.8991, 0.9236, 0.9027, 0.8967, 0.9112, 0.9091, 0.9027, 0.9154]	
Results: 	[0.8979, 0.9142, 0.9127, 0.9021, 0.936, 0.9094, 0.9127, 0.9042, 0.9109, 0.9076, 0.9103, 0.8967, 0.897, 0.9088, 0.8991, 0.9236, 0.9027, 0.8967, 0.9112, 0.9091, 0.9027, 0.9154, 0.9236]	
Results: 	[0.8979, 0.9142, 0.9127, 0.9021, 0.936, 0.9094, 0.9127, 0.9042, 0.9109, 0.9076, 0.9103, 0.8967, 0.897, 0.9088, 0.8991, 0.9236, 0.9027, 0.8967, 0.9112, 0.9091, 0.9027, 0.9154, 0.9236, 0.9115]	
Results: 	[0.8979, 0.9142, 0.9127, 0.9021, 0.936, 0.9094, 0.9127, 0.9042, 0.9109, 0.9076, 0.9103, 0.8967, 0.897, 0.9088, 0.8991, 0.9236, 0.9027, 0.8967, 0.9112, 0.9091, 0.9027, 0.9154, 0.9236, 0.9115, 0.9118]	
Results: 	[0.8979, 0.9142, 0.9127, 0.9021, 0.936, 0.9094, 0.9127, 0.9042, 0.9109, 0.9076, 0.9103, 0.8967, 0.897, 0.9088, 0.8991, 0.9236, 0.9027, 0.8967, 0.9112, 0.9091, 0.9027, 0.9154, 0.9236, 0.9115, 0.9118, 0.8988]	
Results: 	[0.8979, 0.9142, 0.9127, 0.9021, 0.936, 0.9094, 0.9127, 0.9042, 0.9109, 0.9076, 0.9103, 0.8967, 0.897, 0.9088, 0.8991, 0.9236, 0.9027, 0.8967, 0.9112, 0.9091, 0.9027, 0.9154, 0.9236, 0.9115, 0.9118, 0.8988, 0.9284]	
Results: 	[0.8979, 0.9142, 0.9127, 0.9021, 0.936, 0.9094, 0.9127, 0.9042, 0.9109, 0.9076, 0.9103, 0.8967, 0.897, 0.9088, 0.8991, 0.9236, 0.9027, 0.8967, 0.9112, 0.9091, 0.9027, 0.9154, 0.9236, 0.9115, 0.9118, 0.8988, 0.9284, 0.9066]	
Results: 	[0.8979, 0.9142, 0.9127, 0.9021, 0.936, 0.9094, 0.9127, 0.9042, 0.9109, 0.9076, 0.9103, 0.8967, 0.897, 0.9088, 0.8991, 0.9236, 0.9027, 0.8967, 0.9112, 0.9091, 0.9027, 0.9154, 0.9236, 0.9115, 0.9118, 0.8988, 0.9284, 0.9066, 0.9054]	
Results: 	[0.8979, 0.9142, 0.9127, 0.9021, 0.936, 0.9094, 0.9127, 0.9042, 0.9109, 0.9076, 0.9103, 0.8967, 0.897, 0.9088, 0.8991, 0.9236, 0.9027, 0.8967, 0.9112, 0.9091, 0.9027, 0.9154, 0.9236, 0.9115, 0.9118, 0.8988, 0.9284, 0.9066, 0.9054, 0.9112]
30 Support Sets: (Mean:0.9092766666666666, SD:0.009462436929442547) | 	
