Results: 	[0.9993]	
Results: 	[0.9993, 0.9989]	
Results: 	[0.9993, 0.9989, 0.9986]	
Results: 	[0.9993, 0.9989, 0.9986, 0.9993]	
Results: 	[0.9993, 0.9989, 0.9986, 0.9993, 0.9945]	
Results: 	[0.9993, 0.9989, 0.9986, 0.9993, 0.9945, 0.9996]	
Results: 	[0.9993, 0.9989, 0.9986, 0.9993, 0.9945, 0.9996, 0.9989]	
Results: 	[0.9993, 0.9989, 0.9986, 0.9993, 0.9945, 0.9996, 0.9989, 0.9993]	
Results: 	[0.9993, 0.9989, 0.9986, 0.9993, 0.9945, 0.9996, 0.9989, 0.9993, 0.9993]	
Results: 	[0.9993, 0.9989, 0.9986, 0.9993, 0.9945, 0.9996, 0.9989, 0.9993, 0.9993, 0.9993]	
Results: 	[0.9993, 0.9989, 0.9986, 0.9993, 0.9945, 0.9996, 0.9989, 0.9993, 0.9993, 0.9993, 0.9989]	
Results: 	[0.9993, 0.9989, 0.9986, 0.9993, 0.9945, 0.9996, 0.9989, 0.9993, 0.9993, 0.9993, 0.9989, 0.9993]	
Results: 	[0.9993, 0.9989, 0.9986, 0.9993, 0.9945, 0.9996, 0.9989, 0.9993, 0.9993, 0.9993, 0.9989, 0.9993, 0.9993]	
Results: 	[0.9993, 0.9989, 0.9986, 0.9993, 0.9945, 0.9996, 0.9989, 0.9993, 0.9993, 0.9993, 0.9989, 0.9993, 0.9993, 0.9993]	
Results: 	[0.9993, 0.9989, 0.9986, 0.9993, 0.9945, 0.9996, 0.9989, 0.9993, 0.9993, 0.9993, 0.9989, 0.9993, 0.9993, 0.9993, 0.9993]	
Results: 	[0.9993, 0.9989, 0.9986, 0.9993, 0.9945, 0.9996, 0.9989, 0.9993, 0.9993, 0.9993, 0.9989, 0.9993, 0.9993, 0.9993, 0.9993, 0.9975]	
Results: 	[0.9993, 0.9989, 0.9986, 0.9993, 0.9945, 0.9996, 0.9989, 0.9993, 0.9993, 0.9993, 0.9989, 0.9993, 0.9993, 0.9993, 0.9993, 0.9975, 0.9993]	
Results: 	[0.9993, 0.9989, 0.9986, 0.9993, 0.9945, 0.9996, 0.9989, 0.9993, 0.9993, 0.9993, 0.9989, 0.9993, 0.9993, 0.9993, 0.9993, 0.9975, 0.9993, 0.9993]	
Results: 	[0.9993, 0.9989, 0.9986, 0.9993, 0.9945, 0.9996, 0.9989, 0.9993, 0.9993, 0.9993, 0.9989, 0.9993, 0.9993, 0.9993, 0.9993, 0.9975, 0.9993, 0.9993, 0.9993]	
Results: 	[0.9993, 0.9989, 0.9986, 0.9993, 0.9945, 0.9996, 0.9989, 0.9993, 0.9993, 0.9993, 0.9989, 0.9993, 0.9993, 0.9993, 0.9993, 0.9975, 0.9993, 0.9993, 0.9993, 0.9989]	
Results: 	[0.9993, 0.9989, 0.9986, 0.9993, 0.9945, 0.9996, 0.9989, 0.9993, 0.9993, 0.9993, 0.9989, 0.9993, 0.9993, 0.9993, 0.9993, 0.9975, 0.9993, 0.9993, 0.9993, 0.9989, 0.9993]	
Results: 	[0.9993, 0.9989, 0.9986, 0.9993, 0.9945, 0.9996, 0.9989, 0.9993, 0.9993, 0.9993, 0.9989, 0.9993, 0.9993, 0.9993, 0.9993, 0.9975, 0.9993, 0.9993, 0.9993, 0.9989, 0.9993, 0.9993]	
Results: 	[0.9993, 0.9989, 0.9986, 0.9993, 0.9945, 0.9996, 0.9989, 0.9993, 0.9993, 0.9993, 0.9989, 0.9993, 0.9993, 0.9993, 0.9993, 0.9975, 0.9993, 0.9993, 0.9993, 0.9989, 0.9993, 0.9993, 0.9975]	
Results: 	[0.9993, 0.9989, 0.9986, 0.9993, 0.9945, 0.9996, 0.9989, 0.9993, 0.9993, 0.9993, 0.9989, 0.9993, 0.9993, 0.9993, 0.9993, 0.9975, 0.9993, 0.9993, 0.9993, 0.9989, 0.9993, 0.9993, 0.9975, 0.9989]	
Results: 	[0.9993, 0.9989, 0.9986, 0.9993, 0.9945, 0.9996, 0.9989, 0.9993, 0.9993, 0.9993, 0.9989, 0.9993, 0.9993, 0.9993, 0.9993, 0.9975, 0.9993, 0.9993, 0.9993, 0.9989, 0.9993, 0.9993, 0.9975, 0.9989, 0.9989]	
Results: 	[0.9993, 0.9989, 0.9986, 0.9993, 0.9945, 0.9996, 0.9989, 0.9993, 0.9993, 0.9993, 0.9989, 0.9993, 0.9993, 0.9993, 0.9993, 0.9975, 0.9993, 0.9993, 0.9993, 0.9989, 0.9993, 0.9993, 0.9975, 0.9989, 0.9989, 0.9996]	
Results: 	[0.9993, 0.9989, 0.9986, 0.9993, 0.9945, 0.9996, 0.9989, 0.9993, 0.9993, 0.9993, 0.9989, 0.9993, 0.9993, 0.9993, 0.9993, 0.9975, 0.9993, 0.9993, 0.9993, 0.9989, 0.9993, 0.9993, 0.9975, 0.9989, 0.9989, 0.9996, 0.9972]	
Results: 	[0.9993, 0.9989, 0.9986, 0.9993, 0.9945, 0.9996, 0.9989, 0.9993, 0.9993, 0.9993, 0.9989, 0.9993, 0.9993, 0.9993, 0.9993, 0.9975, 0.9993, 0.9993, 0.9993, 0.9989, 0.9993, 0.9993, 0.9975, 0.9989, 0.9989, 0.9996, 0.9972, 0.9993]	
Results: 	[0.9993, 0.9989, 0.9986, 0.9993, 0.9945, 0.9996, 0.9989, 0.9993, 0.9993, 0.9993, 0.9989, 0.9993, 0.9993, 0.9993, 0.9993, 0.9975, 0.9993, 0.9993, 0.9993, 0.9989, 0.9993, 0.9993, 0.9975, 0.9989, 0.9989, 0.9996, 0.9972, 0.9993, 0.9993]	
Results: 	[0.9993, 0.9989, 0.9986, 0.9993, 0.9945, 0.9996, 0.9989, 0.9993, 0.9993, 0.9993, 0.9989, 0.9993, 0.9993, 0.9993, 0.9993, 0.9975, 0.9993, 0.9993, 0.9993, 0.9989, 0.9993, 0.9993, 0.9975, 0.9989, 0.9989, 0.9996, 0.9972, 0.9993, 0.9993, 0.9989]
30 Support Sets: (Mean:0.9988533333333334, SD:0.0010125874447835595) | 	
