Results: 	[0.7831]	
Results: 	[0.7831, 0.8006]	
Results: 	[0.7831, 0.8006, 0.7976]	
Results: 	[0.7831, 0.8006, 0.7976, 0.7958]	
Results: 	[0.7831, 0.8006, 0.7976, 0.7958, 0.7934]	
Results: 	[0.7831, 0.8006, 0.7976, 0.7958, 0.7934, 0.7925]	
Results: 	[0.7831, 0.8006, 0.7976, 0.7958, 0.7934, 0.7925, 0.7943]	
Results: 	[0.7831, 0.8006, 0.7976, 0.7958, 0.7934, 0.7925, 0.7943, 0.806]	
Results: 	[0.7831, 0.8006, 0.7976, 0.7958, 0.7934, 0.7925, 0.7943, 0.806, 0.7937]	
Results: 	[0.7831, 0.8006, 0.7976, 0.7958, 0.7934, 0.7925, 0.7943, 0.806, 0.7937, 0.8027]	
Results: 	[0.7831, 0.8006, 0.7976, 0.7958, 0.7934, 0.7925, 0.7943, 0.806, 0.7937, 0.8027, 0.7873]	
Results: 	[0.7831, 0.8006, 0.7976, 0.7958, 0.7934, 0.7925, 0.7943, 0.806, 0.7937, 0.8027, 0.7873, 0.7916]	
Results: 	[0.7831, 0.8006, 0.7976, 0.7958, 0.7934, 0.7925, 0.7943, 0.806, 0.7937, 0.8027, 0.7873, 0.7916, 0.7955]	
Results: 	[0.7831, 0.8006, 0.7976, 0.7958, 0.7934, 0.7925, 0.7943, 0.806, 0.7937, 0.8027, 0.7873, 0.7916, 0.7955, 0.7867]	
Results: 	[0.7831, 0.8006, 0.7976, 0.7958, 0.7934, 0.7925, 0.7943, 0.806, 0.7937, 0.8027, 0.7873, 0.7916, 0.7955, 0.7867, 0.7916]	
Results: 	[0.7831, 0.8006, 0.7976, 0.7958, 0.7934, 0.7925, 0.7943, 0.806, 0.7937, 0.8027, 0.7873, 0.7916, 0.7955, 0.7867, 0.7916, 0.8075]	
Results: 	[0.7831, 0.8006, 0.7976, 0.7958, 0.7934, 0.7925, 0.7943, 0.806, 0.7937, 0.8027, 0.7873, 0.7916, 0.7955, 0.7867, 0.7916, 0.8075, 0.7931]	
Results: 	[0.7831, 0.8006, 0.7976, 0.7958, 0.7934, 0.7925, 0.7943, 0.806, 0.7937, 0.8027, 0.7873, 0.7916, 0.7955, 0.7867, 0.7916, 0.8075, 0.7931, 0.8009]	
Results: 	[0.7831, 0.8006, 0.7976, 0.7958, 0.7934, 0.7925, 0.7943, 0.806, 0.7937, 0.8027, 0.7873, 0.7916, 0.7955, 0.7867, 0.7916, 0.8075, 0.7931, 0.8009, 0.781]	
Results: 	[0.7831, 0.8006, 0.7976, 0.7958, 0.7934, 0.7925, 0.7943, 0.806, 0.7937, 0.8027, 0.7873, 0.7916, 0.7955, 0.7867, 0.7916, 0.8075, 0.7931, 0.8009, 0.781, 0.7892]	
Results: 	[0.7831, 0.8006, 0.7976, 0.7958, 0.7934, 0.7925, 0.7943, 0.806, 0.7937, 0.8027, 0.7873, 0.7916, 0.7955, 0.7867, 0.7916, 0.8075, 0.7931, 0.8009, 0.781, 0.7892, 0.787]	
Results: 	[0.7831, 0.8006, 0.7976, 0.7958, 0.7934, 0.7925, 0.7943, 0.806, 0.7937, 0.8027, 0.7873, 0.7916, 0.7955, 0.7867, 0.7916, 0.8075, 0.7931, 0.8009, 0.781, 0.7892, 0.787, 0.7919]	
Results: 	[0.7831, 0.8006, 0.7976, 0.7958, 0.7934, 0.7925, 0.7943, 0.806, 0.7937, 0.8027, 0.7873, 0.7916, 0.7955, 0.7867, 0.7916, 0.8075, 0.7931, 0.8009, 0.781, 0.7892, 0.787, 0.7919, 0.784]	
Results: 	[0.7831, 0.8006, 0.7976, 0.7958, 0.7934, 0.7925, 0.7943, 0.806, 0.7937, 0.8027, 0.7873, 0.7916, 0.7955, 0.7867, 0.7916, 0.8075, 0.7931, 0.8009, 0.781, 0.7892, 0.787, 0.7919, 0.784, 0.7858]	
Results: 	[0.7831, 0.8006, 0.7976, 0.7958, 0.7934, 0.7925, 0.7943, 0.806, 0.7937, 0.8027, 0.7873, 0.7916, 0.7955, 0.7867, 0.7916, 0.8075, 0.7931, 0.8009, 0.781, 0.7892, 0.787, 0.7919, 0.784, 0.7858, 0.7837]	
Results: 	[0.7831, 0.8006, 0.7976, 0.7958, 0.7934, 0.7925, 0.7943, 0.806, 0.7937, 0.8027, 0.7873, 0.7916, 0.7955, 0.7867, 0.7916, 0.8075, 0.7931, 0.8009, 0.781, 0.7892, 0.787, 0.7919, 0.784, 0.7858, 0.7837, 0.7846]	
Results: 	[0.7831, 0.8006, 0.7976, 0.7958, 0.7934, 0.7925, 0.7943, 0.806, 0.7937, 0.8027, 0.7873, 0.7916, 0.7955, 0.7867, 0.7916, 0.8075, 0.7931, 0.8009, 0.781, 0.7892, 0.787, 0.7919, 0.784, 0.7858, 0.7837, 0.7846, 0.7864]	
Results: 	[0.7831, 0.8006, 0.7976, 0.7958, 0.7934, 0.7925, 0.7943, 0.806, 0.7937, 0.8027, 0.7873, 0.7916, 0.7955, 0.7867, 0.7916, 0.8075, 0.7931, 0.8009, 0.781, 0.7892, 0.787, 0.7919, 0.784, 0.7858, 0.7837, 0.7846, 0.7864, 0.7898]	
Results: 	[0.7831, 0.8006, 0.7976, 0.7958, 0.7934, 0.7925, 0.7943, 0.806, 0.7937, 0.8027, 0.7873, 0.7916, 0.7955, 0.7867, 0.7916, 0.8075, 0.7931, 0.8009, 0.781, 0.7892, 0.787, 0.7919, 0.784, 0.7858, 0.7837, 0.7846, 0.7864, 0.7898, 0.8054]	
Results: 	[0.7831, 0.8006, 0.7976, 0.7958, 0.7934, 0.7925, 0.7943, 0.806, 0.7937, 0.8027, 0.7873, 0.7916, 0.7955, 0.7867, 0.7916, 0.8075, 0.7931, 0.8009, 0.781, 0.7892, 0.787, 0.7919, 0.784, 0.7858, 0.7837, 0.7846, 0.7864, 0.7898, 0.8054, 0.7825]
30 Support Sets: (Mean:0.7921733333333333, SD:0.0074006492414789024) | 	
