Results: 	[0.9292]	
Results: 	[0.9292, 0.9115]	
Results: 	[0.9292, 0.9115, 0.9022]	
Results: 	[0.9292, 0.9115, 0.9022, 0.9204]	
Results: 	[0.9292, 0.9115, 0.9022, 0.9204, 0.9292]	
Results: 	[0.9292, 0.9115, 0.9022, 0.9204, 0.9292, 0.9248]	
Results: 	[0.9292, 0.9115, 0.9022, 0.9204, 0.9292, 0.9248, 0.9115]	
Results: 	[0.9292, 0.9115, 0.9022, 0.9204, 0.9292, 0.9248, 0.9115, 0.9336]	
Results: 	[0.9292, 0.9115, 0.9022, 0.9204, 0.9292, 0.9248, 0.9115, 0.9336, 0.9292]	
Results: 	[0.9292, 0.9115, 0.9022, 0.9204, 0.9292, 0.9248, 0.9115, 0.9336, 0.9292, 0.9292]	
Results: 	[0.9292, 0.9115, 0.9022, 0.9204, 0.9292, 0.9248, 0.9115, 0.9336, 0.9292, 0.9292, 0.9336]	
Results: 	[0.9292, 0.9115, 0.9022, 0.9204, 0.9292, 0.9248, 0.9115, 0.9336, 0.9292, 0.9292, 0.9336, 0.9022]	
Results: 	[0.9292, 0.9115, 0.9022, 0.9204, 0.9292, 0.9248, 0.9115, 0.9336, 0.9292, 0.9292, 0.9336, 0.9022, 0.9115]	
Results: 	[0.9292, 0.9115, 0.9022, 0.9204, 0.9292, 0.9248, 0.9115, 0.9336, 0.9292, 0.9292, 0.9336, 0.9022, 0.9115, 0.9292]	
Results: 	[0.9292, 0.9115, 0.9022, 0.9204, 0.9292, 0.9248, 0.9115, 0.9336, 0.9292, 0.9292, 0.9336, 0.9022, 0.9115, 0.9292, 0.9289]	
Results: 	[0.9292, 0.9115, 0.9022, 0.9204, 0.9292, 0.9248, 0.9115, 0.9336, 0.9292, 0.9292, 0.9336, 0.9022, 0.9115, 0.9292, 0.9289, 0.8673]	
Results: 	[0.9292, 0.9115, 0.9022, 0.9204, 0.9292, 0.9248, 0.9115, 0.9336, 0.9292, 0.9292, 0.9336, 0.9022, 0.9115, 0.9292, 0.9289, 0.8673, 0.9292]	
Results: 	[0.9292, 0.9115, 0.9022, 0.9204, 0.9292, 0.9248, 0.9115, 0.9336, 0.9292, 0.9292, 0.9336, 0.9022, 0.9115, 0.9292, 0.9289, 0.8673, 0.9292, 0.9292]	
Results: 	[0.9292, 0.9115, 0.9022, 0.9204, 0.9292, 0.9248, 0.9115, 0.9336, 0.9292, 0.9292, 0.9336, 0.9022, 0.9115, 0.9292, 0.9289, 0.8673, 0.9292, 0.9292, 0.9248]	
Results: 	[0.9292, 0.9115, 0.9022, 0.9204, 0.9292, 0.9248, 0.9115, 0.9336, 0.9292, 0.9292, 0.9336, 0.9022, 0.9115, 0.9292, 0.9289, 0.8673, 0.9292, 0.9292, 0.9248, 0.9292]	
Results: 	[0.9292, 0.9115, 0.9022, 0.9204, 0.9292, 0.9248, 0.9115, 0.9336, 0.9292, 0.9292, 0.9336, 0.9022, 0.9115, 0.9292, 0.9289, 0.8673, 0.9292, 0.9292, 0.9248, 0.9292, 0.8973]	
Results: 	[0.9292, 0.9115, 0.9022, 0.9204, 0.9292, 0.9248, 0.9115, 0.9336, 0.9292, 0.9292, 0.9336, 0.9022, 0.9115, 0.9292, 0.9289, 0.8673, 0.9292, 0.9292, 0.9248, 0.9292, 0.8973, 0.9289]	
Results: 	[0.9292, 0.9115, 0.9022, 0.9204, 0.9292, 0.9248, 0.9115, 0.9336, 0.9292, 0.9292, 0.9336, 0.9022, 0.9115, 0.9292, 0.9289, 0.8673, 0.9292, 0.9292, 0.9248, 0.9292, 0.8973, 0.9289, 0.9156]	
Results: 	[0.9292, 0.9115, 0.9022, 0.9204, 0.9292, 0.9248, 0.9115, 0.9336, 0.9292, 0.9292, 0.9336, 0.9022, 0.9115, 0.9292, 0.9289, 0.8673, 0.9292, 0.9292, 0.9248, 0.9292, 0.8973, 0.9289, 0.9156, 0.9336]	
Results: 	[0.9292, 0.9115, 0.9022, 0.9204, 0.9292, 0.9248, 0.9115, 0.9336, 0.9292, 0.9292, 0.9336, 0.9022, 0.9115, 0.9292, 0.9289, 0.8673, 0.9292, 0.9292, 0.9248, 0.9292, 0.8973, 0.9289, 0.9156, 0.9336, 0.9333]	
Results: 	[0.9292, 0.9115, 0.9022, 0.9204, 0.9292, 0.9248, 0.9115, 0.9336, 0.9292, 0.9292, 0.9336, 0.9022, 0.9115, 0.9292, 0.9289, 0.8673, 0.9292, 0.9292, 0.9248, 0.9292, 0.8973, 0.9289, 0.9156, 0.9336, 0.9333, 0.9292]	
Results: 	[0.9292, 0.9115, 0.9022, 0.9204, 0.9292, 0.9248, 0.9115, 0.9336, 0.9292, 0.9292, 0.9336, 0.9022, 0.9115, 0.9292, 0.9289, 0.8673, 0.9292, 0.9292, 0.9248, 0.9292, 0.8973, 0.9289, 0.9156, 0.9336, 0.9333, 0.9292, 0.8978]	
Results: 	[0.9292, 0.9115, 0.9022, 0.9204, 0.9292, 0.9248, 0.9115, 0.9336, 0.9292, 0.9292, 0.9336, 0.9022, 0.9115, 0.9292, 0.9289, 0.8673, 0.9292, 0.9292, 0.9248, 0.9292, 0.8973, 0.9289, 0.9156, 0.9336, 0.9333, 0.9292, 0.8978, 0.9115]	
Results: 	[0.9292, 0.9115, 0.9022, 0.9204, 0.9292, 0.9248, 0.9115, 0.9336, 0.9292, 0.9292, 0.9336, 0.9022, 0.9115, 0.9292, 0.9289, 0.8673, 0.9292, 0.9292, 0.9248, 0.9292, 0.8973, 0.9289, 0.9156, 0.9336, 0.9333, 0.9292, 0.8978, 0.9115, 0.9425]	
Results: 	[0.9292, 0.9115, 0.9022, 0.9204, 0.9292, 0.9248, 0.9115, 0.9336, 0.9292, 0.9292, 0.9336, 0.9022, 0.9115, 0.9292, 0.9289, 0.8673, 0.9292, 0.9292, 0.9248, 0.9292, 0.8973, 0.9289, 0.9156, 0.9336, 0.9333, 0.9292, 0.8978, 0.9115, 0.9425, 0.9204]
30 Support Sets: (Mean:0.9205333333333333, SD:0.015451287935009654) | 	
