Results: 	[0.9159]	
Results: 	[0.9159, 0.9115]	
Results: 	[0.9159, 0.9115, 0.9071]	
Results: 	[0.9159, 0.9115, 0.9071, 0.9115]	
Results: 	[0.9159, 0.9115, 0.9071, 0.9115, 0.9159]	
Results: 	[0.9159, 0.9115, 0.9071, 0.9115, 0.9159, 0.9159]	
Results: 	[0.9159, 0.9115, 0.9071, 0.9115, 0.9159, 0.9159, 0.9115]	
Results: 	[0.9159, 0.9115, 0.9071, 0.9115, 0.9159, 0.9159, 0.9115, 0.9071]	
Results: 	[0.9159, 0.9115, 0.9071, 0.9115, 0.9159, 0.9159, 0.9115, 0.9071, 0.9071]	
Results: 	[0.9159, 0.9115, 0.9071, 0.9115, 0.9159, 0.9159, 0.9115, 0.9071, 0.9071, 0.9115]	
Results: 	[0.9159, 0.9115, 0.9071, 0.9115, 0.9159, 0.9159, 0.9115, 0.9071, 0.9071, 0.9115, 0.9159]	
Results: 	[0.9159, 0.9115, 0.9071, 0.9115, 0.9159, 0.9159, 0.9115, 0.9071, 0.9071, 0.9115, 0.9159, 0.9115]	
Results: 	[0.9159, 0.9115, 0.9071, 0.9115, 0.9159, 0.9159, 0.9115, 0.9071, 0.9071, 0.9115, 0.9159, 0.9115, 0.9115]	
Results: 	[0.9159, 0.9115, 0.9071, 0.9115, 0.9159, 0.9159, 0.9115, 0.9071, 0.9071, 0.9115, 0.9159, 0.9115, 0.9115, 0.9115]	
Results: 	[0.9159, 0.9115, 0.9071, 0.9115, 0.9159, 0.9159, 0.9115, 0.9071, 0.9071, 0.9115, 0.9159, 0.9115, 0.9115, 0.9115, 0.9111]	
Results: 	[0.9159, 0.9115, 0.9071, 0.9115, 0.9159, 0.9159, 0.9115, 0.9071, 0.9071, 0.9115, 0.9159, 0.9115, 0.9115, 0.9115, 0.9111, 0.9115]	
Results: 	[0.9159, 0.9115, 0.9071, 0.9115, 0.9159, 0.9159, 0.9115, 0.9071, 0.9071, 0.9115, 0.9159, 0.9115, 0.9115, 0.9115, 0.9111, 0.9115, 0.9115]	
Results: 	[0.9159, 0.9115, 0.9071, 0.9115, 0.9159, 0.9159, 0.9115, 0.9071, 0.9071, 0.9115, 0.9159, 0.9115, 0.9115, 0.9115, 0.9111, 0.9115, 0.9115, 0.9071]	
Results: 	[0.9159, 0.9115, 0.9071, 0.9115, 0.9159, 0.9159, 0.9115, 0.9071, 0.9071, 0.9115, 0.9159, 0.9115, 0.9115, 0.9115, 0.9111, 0.9115, 0.9115, 0.9071, 0.9248]	
Results: 	[0.9159, 0.9115, 0.9071, 0.9115, 0.9159, 0.9159, 0.9115, 0.9071, 0.9071, 0.9115, 0.9159, 0.9115, 0.9115, 0.9115, 0.9111, 0.9115, 0.9115, 0.9071, 0.9248, 0.9115]	
Results: 	[0.9159, 0.9115, 0.9071, 0.9115, 0.9159, 0.9159, 0.9115, 0.9071, 0.9071, 0.9115, 0.9159, 0.9115, 0.9115, 0.9115, 0.9111, 0.9115, 0.9115, 0.9071, 0.9248, 0.9115, 0.9115]	
Results: 	[0.9159, 0.9115, 0.9071, 0.9115, 0.9159, 0.9159, 0.9115, 0.9071, 0.9071, 0.9115, 0.9159, 0.9115, 0.9115, 0.9115, 0.9111, 0.9115, 0.9115, 0.9071, 0.9248, 0.9115, 0.9115, 0.9111]	
Results: 	[0.9159, 0.9115, 0.9071, 0.9115, 0.9159, 0.9159, 0.9115, 0.9071, 0.9071, 0.9115, 0.9159, 0.9115, 0.9115, 0.9115, 0.9111, 0.9115, 0.9115, 0.9071, 0.9248, 0.9115, 0.9115, 0.9111, 0.9115]	
Results: 	[0.9159, 0.9115, 0.9071, 0.9115, 0.9159, 0.9159, 0.9115, 0.9071, 0.9071, 0.9115, 0.9159, 0.9115, 0.9115, 0.9115, 0.9111, 0.9115, 0.9115, 0.9071, 0.9248, 0.9115, 0.9115, 0.9111, 0.9115, 0.9159]	
Results: 	[0.9159, 0.9115, 0.9071, 0.9115, 0.9159, 0.9159, 0.9115, 0.9071, 0.9071, 0.9115, 0.9159, 0.9115, 0.9115, 0.9115, 0.9111, 0.9115, 0.9115, 0.9071, 0.9248, 0.9115, 0.9115, 0.9111, 0.9115, 0.9159, 0.9115]	
Results: 	[0.9159, 0.9115, 0.9071, 0.9115, 0.9159, 0.9159, 0.9115, 0.9071, 0.9071, 0.9115, 0.9159, 0.9115, 0.9115, 0.9115, 0.9111, 0.9115, 0.9115, 0.9071, 0.9248, 0.9115, 0.9115, 0.9111, 0.9115, 0.9159, 0.9115, 0.9115]	
Results: 	[0.9159, 0.9115, 0.9071, 0.9115, 0.9159, 0.9159, 0.9115, 0.9071, 0.9071, 0.9115, 0.9159, 0.9115, 0.9115, 0.9115, 0.9111, 0.9115, 0.9115, 0.9071, 0.9248, 0.9115, 0.9115, 0.9111, 0.9115, 0.9159, 0.9115, 0.9115, 0.9156]	
Results: 	[0.9159, 0.9115, 0.9071, 0.9115, 0.9159, 0.9159, 0.9115, 0.9071, 0.9071, 0.9115, 0.9159, 0.9115, 0.9115, 0.9115, 0.9111, 0.9115, 0.9115, 0.9071, 0.9248, 0.9115, 0.9115, 0.9111, 0.9115, 0.9159, 0.9115, 0.9115, 0.9156, 0.9115]	
Results: 	[0.9159, 0.9115, 0.9071, 0.9115, 0.9159, 0.9159, 0.9115, 0.9071, 0.9071, 0.9115, 0.9159, 0.9115, 0.9115, 0.9115, 0.9111, 0.9115, 0.9115, 0.9071, 0.9248, 0.9115, 0.9115, 0.9111, 0.9115, 0.9159, 0.9115, 0.9115, 0.9156, 0.9115, 0.9071]	
Results: 	[0.9159, 0.9115, 0.9071, 0.9115, 0.9159, 0.9159, 0.9115, 0.9071, 0.9071, 0.9115, 0.9159, 0.9115, 0.9115, 0.9115, 0.9111, 0.9115, 0.9115, 0.9071, 0.9248, 0.9115, 0.9115, 0.9111, 0.9115, 0.9159, 0.9115, 0.9115, 0.9156, 0.9115, 0.9071, 0.9159]
30 Support Sets: (Mean:0.9122, SD:0.003677892950008761) | 	
